"","high","low","medium","listing_id"
"1",0.0810058618453385,0.846261073431471,0.0727330647231901,6812005
"2",0.0617075912505215,0.88678137481539,0.0515110339340884,6812120
"3",0.0182736315213176,0.931591830084697,0.0501345383939856,6812122
"4",0.287264096161913,0.593609448467908,0.11912645537018,6812162
"5",0.00804879837342426,0.936306578286482,0.0556446233400932,6812179
"6",0.614124981963407,0.225892288986083,0.159982729050511,6812275
"7",0.45698045152045,0.378223567485073,0.164795980994477,6812286
"8",0.0565857909146633,0.878505507485702,0.0649087015996351,6812301
"9",0.0556861817460947,0.877985795082422,0.0663280231714835,6812334
"10",0.0168252210026342,0.931074252030082,0.0521005269672835,6812372
"11",0.255381939924491,0.596580006991955,0.148038053083554,6812437
"12",0.216164295391891,0.656275623515106,0.127560081093002,6812558
"13",0.00390263105045868,0.970019311436187,0.0260780575133541,6812585
"14",0.0185162315605358,0.87598677187204,0.105496996567424,6812711
"15",0.0247861090109711,0.818731099872833,0.156482791116196,6812734
"16",0.171898539561607,0.317593986428686,0.510507474009707,6812815
"17",0.167680518232854,0.328257619368318,0.504061862398828,6812836
"18",0.0733455073165917,0.581162508315636,0.345491984367773,6812933
"19",0.198780398695935,0.487193538888781,0.314026062415284,6812960
"20",0.331864070698426,0.485488133237724,0.18264779606385,6813014
"21",0.0130781876751172,0.93168275442382,0.0552390579010626,6813034
"22",0.547776719902253,0.175567358835598,0.276655921262148,6813115
"23",0.120511184431796,0.520338510518982,0.359150305049222,6813125
"24",0.0190206336565137,0.915865139617343,0.0651142267261433,6813143
"25",0.117351501023664,0.517626470946864,0.365022028029473,6813174
"26",0.00364930252188942,0.975001747053166,0.0213489504249448,6813200
"27",0.864545575342923,0.0273406746867689,0.108113749970308,6813207
"28",0.427697099724787,0.315481154841946,0.256821745433266,6813298
"29",0.034384022891109,0.877961026009172,0.0876549510997185,6813319
"30",0.0160758318651914,0.875614365814844,0.108309802319965,6813367
"31",0.0699387135441947,0.665292652412116,0.26476863404369,6813402
"32",0.0785943423951104,0.649482886141157,0.271922771463732,6813410
"33",0.106037816581298,0.372203060136016,0.521759123282686,6813451
"34",0.00947320904494207,0.941647617641181,0.048879173313877,6813484
"35",0.0155588417252209,0.888354292479487,0.096086865795292,6813513
"36",0.0932022903725697,0.520009402949167,0.386788306678263,6813560
"37",0.301421766674018,0.444426211407477,0.254152021918505,6813566
"38",0.166339050949752,0.402453439465799,0.431207509584449,6813673
"39",0.77682856106169,0.0849131640060806,0.138258274932229,6813690
"40",0.0568354945402105,0.721868965373863,0.221295540085926,6813748
"41",0.1780583789225,0.258691187799801,0.563250433277699,6813789
"42",0.104586947293656,0.60993827762588,0.285474775080465,6813799
"43",0.464615082200343,0.262849658908423,0.272535258891234,6813808
"44",0.552858806008747,0.21051950481293,0.236621689178323,6813901
"45",0.311885515448382,0.416334430142888,0.27178005440873,6813933
"46",0.411526544954462,0.246517989284317,0.341955465761221,6813946
"47",0.388856238405247,0.371366615637339,0.239777145957414,6813977
"48",0.502017590244991,0.220052772059254,0.277929637695755,6814042
"49",0.0220608213439419,0.825968964154125,0.151970214501933,6814059
"50",0.169971992905429,0.374634248507302,0.45539375858727,6814162
"51",0.183482916515893,0.307039035907273,0.509478047576834,6814198
"52",0.170916886453295,0.713487782916678,0.115595330630028,6814221
"53",0.68763152835068,0.141622352997311,0.170746118652009,6814237
"54",0.375394695644757,0.284705821892303,0.33989948246294,6814265
"55",0.394341130450058,0.250505108470136,0.355153761079806,6814268
"56",0.277843461763749,0.301385025052106,0.420771513184144,6814395
"57",0.430754357661957,0.30426264687014,0.264982995467904,6814401
"58",0.271185584071925,0.440745249674202,0.288069166253874,6814424
"59",0.297741908424976,0.369032556924802,0.333225534650222,6814432
"60",0.0987643303539336,0.477810448197007,0.423425221449059,6814533
"61",0.450592770014153,0.141059990967563,0.408347239018284,6814626
"62",0.347281274256474,0.430025342182869,0.222693383560657,6814640
"63",0.213572840907863,0.371288101773845,0.415139057318292,6814654
"64",0.138494517377689,0.397353972734946,0.464151509887364,6814675
"65",0.546469311815231,0.193899881937407,0.259630806247362,6814731
"66",0.483230669502855,0.265612743811087,0.251156586686059,6814785
"67",0.0133760401734656,0.841549552047406,0.145074407779128,6814826
"68",0.376737054688459,0.37643246198735,0.246830483324191,6814907
"69",0.0852053646982951,0.631858617602387,0.282936017699317,6814958
"70",0.0322889056782621,0.729161269750737,0.238549824571001,6815103
"71",0.522535835018414,0.213126222439068,0.264337942542519,6815123
"72",0.0140528158031986,0.927961076198766,0.0579861079980354,6815144
"73",0.0391001628522516,0.710501705516043,0.250398131631705,6815188
"74",0.75599759034753,0.0672467848775879,0.176755624774882,6815278
"75",0.738391718505279,0.0872007991771796,0.174407482317541,6815333
"76",0.00748467927635367,0.96508669603314,0.0274286246905067,6815341
"77",0.236784260646427,0.619510385248116,0.143705354105457,6815350
"78",0.0619287034373415,0.751504905075414,0.186566391487245,6815619
"79",0.154208115832627,0.378690178955265,0.467101705212108,6815669
"80",0.129958025865816,0.374154725315855,0.495887248818329,6815694
"81",0.686583252074723,0.111093501401309,0.202323246523968,6815699
"82",0.819673600345195,0.0348401492941882,0.145486250360617,6815726
"83",0.111700065752998,0.519101255870867,0.369198678376135,6815756
"84",0.0478140115887939,0.732885660900373,0.219300327510833,6815794
"85",0.0731887756489664,0.49104806480164,0.435763159549393,6815797
"86",0.54112263718884,0.104111810925117,0.354765551886044,6815803
"87",0.0961587447529061,0.602267721803716,0.301573533443378,6815861
"88",0.598912707342313,0.103928611459492,0.297158681198195,6815914
"89",0.049228120442872,0.776043943059475,0.174727936497653,6815938
"90",0.00516458480422409,0.97653131677355,0.018304098422226,6815977
"91",0.598996514116045,0.123441966280197,0.277561519603758,6815989
"92",0.806488702034756,0.0397561362970285,0.153755161668216,6816014
"93",0.0241307711982562,0.848885368734352,0.126983860067391,6816033
"94",0.112070362379669,0.685676300451024,0.202253337169307,6816053
"95",0.0363527594216441,0.877631538059976,0.0860157025183799,6816055
"96",0.0450800756917693,0.893073217249597,0.061846707058634,6816061
"97",0.601447653024541,0.0887303187739387,0.30982202820152,6816102
"98",0.791515617234902,0.0323185461820716,0.176165836583027,6816108
"99",0.119150793360245,0.30427845064903,0.576570755990725,6816135
"100",0.392030891569514,0.232937555146987,0.375031553283499,6816174
"101",0.817711090074512,0.024958087614687,0.157330822310801,6816182
"102",0.131559881445055,0.526703541517453,0.341736577037492,6816200
"103",0.00300533540877872,0.986483257995866,0.0105114065953555,6816207
"104",0.104318997752389,0.382090885899155,0.513590116348456,6816215
"105",0.233352094890913,0.332603305765088,0.434044599343999,6816261
"106",0.159172139482936,0.312844320118651,0.527983540398413,6816268
"107",0.0917189470290239,0.502725571570186,0.40555548140079,6816290
"108",0.0914324840560286,0.432455029211425,0.476112486732546,6816320
"109",0.0466515291719232,0.749094589519665,0.204253881308412,6816346
"110",0.00765248378149315,0.971643084737028,0.0207044314814788,6816362
"111",0.525494595265102,0.14932139135562,0.325184013379277,6816398
"112",0.333272877563546,0.230171697486573,0.436555424949881,6816406
"113",0.144207426945595,0.40045713594872,0.455335437105684,6816435
"114",0.160979185078173,0.352652688830671,0.486368126091157,6816441
"115",0.830016987212798,0.0238859834291076,0.146097029358095,6816452
"116",0.0254312278615306,0.822013423974535,0.152555348163935,6816473
"117",0.826006436335067,0.0247947325872584,0.149198831077675,6816502
"118",0.0489686550922766,0.649707686237266,0.301323658670458,6816575
"119",0.564469594846261,0.105555554278768,0.329974850874971,6816660
"120",0.236796232122929,0.26554061349499,0.497663154382081,6816717
"121",0.151681495005509,0.39557677120132,0.45274173379317,6816751
"122",0.108715397484913,0.586445476264413,0.304839126250674,6816776
"123",0.120307366349198,0.540711222127093,0.338981411523709,6816807
"124",0.719093192179601,0.0468345641809722,0.234072243639426,6816836
"125",0.0816231462801661,0.372742548966353,0.545634304753481,6816854
"126",0.157960236016219,0.458722090585643,0.383317673398138,6816870
"127",0.132566251667836,0.541550002454325,0.32588374587784,6816988
"128",0.533621042809055,0.307580852027702,0.158798105163243,6817052
"129",0.0917283729269525,0.595766777048802,0.312504850024245,6817206
"130",0.856946396489929,0.0252937952290915,0.117759808280979,6817239
"131",0.00552177485390907,0.94768480725028,0.0467934178958111,6817348
"132",0.0118102176496727,0.946540878241999,0.0416489041083288,6817359
"133",0.179668612619869,0.679929239000336,0.140402148379795,6817383
"134",0.00307303348758799,0.985609943666019,0.0113170228463928,6817444
"135",0.047208502595907,0.809102258839323,0.143689238564771,6817500
"136",0.0761813945239919,0.779246652814029,0.144571952661979,6817551
"137",0.3598447573052,0.497491051311778,0.142664191383022,6817565
"138",0.00368939462145495,0.967787121926474,0.0285234834520706,6817598
"139",0.0677442785969312,0.868656274446594,0.0635994469564749,6817620
"140",0.244067245048733,0.62016236303955,0.135770391911718,6817685
"141",0.132603589582435,0.776573127513882,0.0908232829036825,6817705
"142",0.0179499546072491,0.958305382317471,0.0237446630752798,6817709
"143",0.190289011854338,0.712680192317233,0.0970307958284285,6817722
"144",0.108510964645916,0.730232350705151,0.161256684648933,6817759
"145",0.040930401014379,0.894540398641465,0.0645292003441565,6817855
"146",0.0558896076679354,0.693168446509777,0.250941945822288,6817899
"147",0.852206282612402,0.0637832462293938,0.0840104711582036,6817953
"148",0.119859787882378,0.452359333658806,0.427780878458816,6817970
"149",0.589136762989101,0.175010907820787,0.235852329190112,6817997
"150",0.451807588989239,0.2471881964779,0.301004214532861,6818041
"151",0.363903185776169,0.264388490938057,0.371708323285774,6818130
"152",0.0236796285916826,0.776128553556378,0.20019181785194,6818146
"153",0.600228730200116,0.0583197557171541,0.34145151408273,6818149
"154",0.0193141545182046,0.903501936257859,0.0771839092239361,6818198
"155",0.0540144696497392,0.640007525864816,0.305978004485444,6818363
"156",0.62434715642118,0.0940404703924495,0.281612373186371,6818375
"157",0.520814752507723,0.161138551562205,0.318046695930072,6818395
"158",0.0710814337496163,0.479436342297237,0.449482223953146,6818450
"159",0.53419085331071,0.162767811587064,0.303041335102226,6818478
"160",0.0500749580900266,0.656874343253374,0.293050698656599,6818507
"161",0.618494293934313,0.132949956661561,0.248555749404126,6818577
"162",0.0578679991736787,0.679569599821205,0.262562401005116,6818586
"163",0.652542425117536,0.0903481562454525,0.257109418637011,6818628
"164",0.0352337784124088,0.768292785583965,0.196473436003626,6818685
"165",0.493791094594654,0.127537998984494,0.378670906420853,6818860
"166",0.0721603299283418,0.650844706591463,0.276994963480196,6818906
"167",0.00229348191248265,0.993152080059525,0.00455443802799294,6818928
"168",0.0300515413893955,0.751938260168256,0.218010198442348,6818931
"169",0.00195486437204172,0.990900479944552,0.00714465568340595,6819002
"170",0.0356549341688562,0.850464009324025,0.113881056507119,6819009
"171",0.00658189218003957,0.967088296648485,0.0263298111714757,6819023
"172",0.012390280442538,0.859055871114367,0.128553848443095,6819024
"173",0.308081944774715,0.391674725848068,0.300243329377216,6819076
"174",0.0767168678173019,0.56519795592822,0.358085176254478,6819137
"175",0.261371644004845,0.252460115004523,0.486168240990632,6819201
"176",0.182428070593118,0.311989576994199,0.505582352412684,6819292
"177",0.333906119724029,0.367984394986054,0.298109485289917,6819345
"178",0.519144228444365,0.185638111373996,0.295217660181638,6819398
"179",0.61963271176504,0.109137440254017,0.271229847980943,6819495
"180",0.108286404340891,0.585562534245343,0.306151061413767,6819543
"181",0.0155442601727975,0.934609013816899,0.0498467260103038,6819618
"182",0.873586352129431,0.0446779167474609,0.0817357311231078,6819744
"183",0.290408635382719,0.585943637072662,0.123647727544619,6819892
"184",0.342461276194523,0.565730443412569,0.0918082803929084,6819949
"185",0.0151291759456723,0.936948492825229,0.0479223312290986,6820053
"186",0.419011436286898,0.230482559746798,0.350506003966304,6820061
"187",0.527220769040559,0.208399394331057,0.264379836628385,6820184
"188",0.399596648431048,0.261900165026835,0.338503186542116,6820261
"189",0.0162062374820004,0.911041234561469,0.0727525279565304,6820323
"190",0.0587286801062162,0.674807784248482,0.266463535645302,6820330
"191",0.0333255067339102,0.714353836218264,0.252320657047826,6820331
"192",0.538466607542846,0.123393132092639,0.338140260364515,6820356
"193",0.0105667217744828,0.933330206790683,0.0561030714348342,6820379
"194",0.0717825500815742,0.809305550370128,0.118911899548298,6820390
"195",0.101314427086392,0.418593761930196,0.480091810983412,6820434
"196",0.0835795761363997,0.630600923720279,0.285819500143321,6820578
"197",0.06476319032848,0.567758631224298,0.367478178447222,6820582
"198",0.382603148882973,0.265497978463075,0.351898872653952,6820619
"199",0.0155960591221644,0.860954967568316,0.12344897330952,6820631
"200",0.0267788611825477,0.812749349368997,0.160471789448455,6820643
"201",0.305232813247883,0.414585926859623,0.280181259892493,6820750
"202",0.0117934494716103,0.949811968591588,0.0383945819368018,6820768
"203",0.706057310104764,0.0859946222666813,0.207948067628555,6820804
"204",0.0211866609875132,0.831656517588624,0.147156821423863,6820819
"205",0.366624930798363,0.284941227215411,0.348433841986226,6820900
"206",0.0115486645218195,0.965000851348906,0.0234504841292749,6820990
"207",0.0282786689968447,0.855712385888592,0.116008945114564,6821058
"208",0.461388369546417,0.243933532275915,0.294678098177668,6821100
"209",0.0117914401846374,0.895775223430618,0.0924333363847445,6821129
"210",0.371752252151255,0.295025032927461,0.333222714921284,6821171
"211",0.213446499125568,0.467854783851081,0.318698717023351,6821240
"212",0.115141044066357,0.589980774416686,0.294878181516957,6821252
"213",0.0743547003935309,0.435996276657477,0.489649022948992,6821272
"214",0.0199748034731672,0.833209054644941,0.146816141881892,6821278
"215",0.0516775513117363,0.611431755253552,0.336890693434712,6821333
"216",0.0212390433661757,0.932423362100374,0.0463375945334499,6821401
"217",0.29113685313845,0.387884794887052,0.320978351974498,6821429
"218",0.350504115664681,0.514296123359309,0.13519976097601,6821476
"219",0.611277139709724,0.157860866321599,0.230861993968677,6821546
"220",0.0118931403842117,0.842584313732402,0.145522545883386,6821592
"221",0.0214829108058828,0.924618417094324,0.0538986720997929,6821629
"222",0.488405973259234,0.335926641840289,0.175667384900477,6821674
"223",0.20322076906639,0.303611916537376,0.493167314396234,6821731
"224",0.0617227534793099,0.674595004035853,0.263682242484837,6821762
"225",0.436807151742444,0.281480357701195,0.281712490556361,6821782
"226",0.716290957433038,0.0962103681590271,0.187498674407935,6821784
"227",0.0213803937990311,0.801891900983478,0.176727705217491,6821811
"228",0.0116493229465408,0.932641387990498,0.0557092890629616,6821825
"229",0.367789913434715,0.317861288725631,0.314348797839654,6821828
"230",0.252587600668784,0.24608667567279,0.501325723658426,6821855
"231",0.017797954283796,0.89253772716155,0.0896643185546536,6821876
"232",0.0462261934966278,0.732187085598555,0.221586720904818,6821958
"233",0.0529981723075272,0.824351494249991,0.122650333442482,6821976
"234",0.173870531903659,0.368783359548535,0.457346108547805,6822069
"235",0.780170660395993,0.115816544491019,0.104012795112988,6822106
"236",0.804174049771007,0.0612740779991527,0.134551872229841,6822127
"237",0.709805764864709,0.13720352020465,0.152990714930641,6822174
"238",0.313410369092425,0.357552210432667,0.329037420474908,6822215
"239",0.0262623517080885,0.783446836924751,0.190290811367161,6822253
"240",0.792309252846497,0.0451790045536993,0.162511742599803,6822340
"241",0.237160305039248,0.430921040058764,0.331918654901988,6822348
"242",0.0912658780892319,0.629305563175495,0.279428558735273,6822355
"243",0.812793493827721,0.0421620436829627,0.145044462489317,6822390
"244",0.598927463937966,0.25121389402845,0.149858642033584,6822397
"245",0.826662932252359,0.0283081010651687,0.145028966682472,6822437
"246",0.132581498057207,0.53019341470563,0.337225087237164,6822481
"247",0.111709384146247,0.716183048376757,0.172107567476996,6822559
"248",0.0747502847921232,0.872870555875358,0.0523791593325194,6822600
"249",0.0628843926135824,0.884372180124957,0.0527434272614609,6822644
"250",0.496237521287886,0.323640124350779,0.180122354361336,6822695
"251",0.126688699619648,0.634061025295357,0.239250275084995,6822858
"252",0.00347106005751167,0.983647612153564,0.012881327788924,6822939
"253",0.019087670495197,0.92347239054649,0.0574399389583134,6822947
"254",0.00868781150235601,0.945841401591483,0.0454707869061607,6822964
"255",0.0835151828667387,0.568029467931205,0.348455349202057,6822972
"256",0.0311205005833899,0.846194283921383,0.122685215495227,6822990
"257",0.374015886454023,0.242861545347248,0.383122568198728,6823012
"258",0.561386798654379,0.133259349607903,0.305353851737718,6823028
"259",0.479621604274608,0.21870228160458,0.301676114120812,6823079
"260",0.00150935722095661,0.987504180688902,0.010986462090141,6823088
"261",0.0189416792917717,0.90797146947245,0.0730868512357786,6823189
"262",0.508215391578397,0.148083045954538,0.343701562467065,6823215
"263",0.0470683157512898,0.669188728620293,0.283742955628417,6823266
"264",0.0322380907662172,0.840459559871897,0.127302349361886,6823380
"265",0.526499123646021,0.195408907349921,0.278091969004057,6823403
"266",0.00656777014542363,0.94947704002113,0.0439551898334461,6823441
"267",0.101308988587695,0.52567221998701,0.373018791425295,6823518
"268",0.512601225865106,0.246144006581969,0.241254767552925,6823523
"269",0.110479124485228,0.441002243154873,0.448518632359899,6823537
"270",0.19438383068105,0.262502140677801,0.543114028641148,6823557
"271",0.557738675560288,0.216809566788297,0.225451757651415,6823561
"272",0.010783903832015,0.921061463721389,0.068154632446596,6823639
"273",0.396776869030493,0.319277528053694,0.283945602915813,6823641
"274",0.420053242681689,0.354255905564771,0.22569085175354,6823665
"275",0.0158139716360662,0.870862625838612,0.113323402525322,6823697
"276",0.0243767531500524,0.795664960782536,0.179958286067412,6823714
"277",0.470100789146892,0.153480657962536,0.376418552890572,6823721
"278",0.0204073063513795,0.868538856054922,0.111053837593698,6823765
"279",0.0157098849277837,0.877210591544058,0.107079523528159,6823782
"280",0.778336801430697,0.0475966399535873,0.174066558615716,6823805
"281",0.00498750188522578,0.981533090857058,0.0134794072577161,6823888
"282",0.155710138056554,0.371664194274857,0.472625667668589,6823890
"283",0.723973535087675,0.0642658423296626,0.211760622582663,6823897
"284",0.300807407917004,0.223210382870876,0.475982209212121,6823909
"285",0.130634771778113,0.382062536759976,0.48730269146191,6823947
"286",0.0722305838740378,0.409828778808146,0.517940637317817,6823955
"287",0.150064318248678,0.327297051372435,0.522638630378887,6823956
"288",0.67926888665769,0.0890090534730348,0.231722059869275,6823960
"289",0.00975123835315461,0.942959396029835,0.0472893656170105,6823966
"290",0.672543831582026,0.100438253390975,0.227017915026999,6823984
"291",0.061907168154579,0.691935712727962,0.24615711911746,6824219
"292",0.0284024642547442,0.819243081961416,0.15235445378384,6824283
"293",0.109825084903155,0.56479884174649,0.325376073350355,6824334
"294",0.257276080739377,0.208957332590182,0.533766586670442,6824407
"295",0.595509413226647,0.196320920266245,0.208169666507108,6824447
"296",0.482366873266668,0.298318533729644,0.219314593003688,6824467
"297",0.0147858355673856,0.877617772748357,0.107596391684257,6824482
"298",0.379254954802791,0.360705170150235,0.260039875046974,6824499
"299",0.471118737624666,0.369287570243327,0.159593692132007,6824586
"300",0.125717283746653,0.441893915579632,0.432388800673715,6824588
"301",0.0510387474526352,0.690064383436734,0.25889686911063,6824622
"302",0.550146722460679,0.195306320803975,0.254546956735345,6824701
"303",0.00353875729922376,0.968405322079522,0.0280559206212539,6824748
"304",0.571056938910215,0.17470438713995,0.254238673949836,6824772
"305",0.345883376826428,0.216302882967917,0.437813740205654,6824821
"306",0.0156866193128842,0.909458704018706,0.0748546766684101,6824973
"307",0.174299633770576,0.320016924391957,0.505683441837466,6824979
"308",0.012866596022743,0.9679136091854,0.0192197947918569,6824984
"309",0.482813400227896,0.200539908605325,0.316646691166779,6824990
"310",0.156693983608173,0.370075572201598,0.473230444190228,6825037
"311",0.0775773375546083,0.633507915602623,0.288914746842768,6825055
"312",0.316983594172753,0.206662397137267,0.47635400868998,6825071
"313",0.0894775997302599,0.502743974696661,0.407778425573079,6825146
"314",0.435410364427964,0.26788464479707,0.296704990774966,6825178
"315",0.592530047765429,0.166371675658045,0.241098276576526,6825181
"316",0.295691146453585,0.347604922163689,0.356703931382726,6825212
"317",0.0487550395421982,0.759747344826376,0.191497615631426,6825277
"318",0.181254873534516,0.376268323261826,0.442476803203658,6825307
"319",0.4378871865447,0.151271800620258,0.410841012835042,6825388
"320",0.28080642738465,0.293494375445836,0.425699197169513,6825499
"321",0.607187913056677,0.174970261138691,0.217841825804632,6825583
"322",0.562275321473296,0.156115689972193,0.281608988554511,6825592
"323",0.598632471095048,0.102435980342807,0.298931548562144,6825633
"324",0.0356558690699829,0.798598793690772,0.165745337239245,6825639
"325",0.0109133002136239,0.95917676673117,0.0299099330552058,6825858
"326",0.00520024189688482,0.977084128551125,0.0177156295519902,6825894
"327",0.673609138674065,0.110663066064484,0.215727795261451,6825928
"328",0.119386390979399,0.420429733475952,0.460183875544648,6826151
"329",0.0628320281580876,0.739616206723124,0.197551765118788,6826192
"330",0.0696591528135138,0.703028743292727,0.227312103893759,6826196
"331",0.680770449240566,0.0615294698073329,0.257700080952101,6826304
"332",0.20166218027612,0.349333311322819,0.449004508401061,6826309
"333",0.0319545220296881,0.848926498679167,0.119118979291145,6826364
"334",0.0904764009349055,0.437016072564083,0.472507526501011,6826423
"335",0.738465349306515,0.0493938283203353,0.21214082237315,6826434
"336",0.0486834554652949,0.63503451227169,0.316282032263015,6826478
"337",0.0392810178595922,0.786811015222959,0.173907966917449,6826504
"338",0.0626189551854466,0.626181089038496,0.311199955776057,6826543
"339",0.765971691904962,0.0325251023321085,0.20150320576293,6826574
"340",0.785268046463649,0.0493127473860748,0.165419206150276,6826584
"341",0.613738298032368,0.134545759929675,0.251715942037956,6826636
"342",0.786911125351098,0.0252574904594433,0.187831384189459,6826741
"343",0.0407480869901874,0.756792307127451,0.202459605882362,6826802
"344",0.240632075828551,0.29797225045506,0.461395673716389,6826814
"345",0.00998226495308982,0.938297308337358,0.0517204267095522,6826877
"346",0.796314132286578,0.0648294559507838,0.138856411762638,6826990
"347",0.804254439055621,0.0576887612782849,0.138056799666094,6826997
"348",0.0264638478183555,0.875769118061208,0.0977670341204367,6826999
"349",0.6453650223274,0.0593921376070211,0.295242840065578,6827019
"350",0.220028883182124,0.328764354838901,0.451206761978975,6827047
"351",0.364981123166684,0.179462023086025,0.455556853747291,6827070
"352",0.214285114667268,0.343562791593774,0.442152093738959,6827153
"353",0.809603841093746,0.0546462634212255,0.135749895485028,6827166
"354",0.84278733293427,0.0476704487692977,0.109542218296433,6827226
"355",0.907538528612514,0.0112247959112157,0.0812366754762704,6827241
"356",0.232650857181719,0.379513775663207,0.387835367155073,6827289
"357",0.813580416445261,0.0448765184752098,0.141543065079529,6827292
"358",0.841497214777702,0.0332823279439631,0.125220457278335,6827345
"359",0.0695994088092012,0.691992971772729,0.23840761941807,6827350
"360",0.871090050909505,0.0433812704430361,0.0855286786474593,6827393
"361",0.543576360353414,0.114927404461511,0.341496235185074,6827424
"362",0.275535704860515,0.332393866305958,0.392070428833527,6827443
"363",0.884014497433532,0.0260776099656727,0.0899078926007953,6827470
"364",0.066180612311683,0.8936901245466,0.0401292631417168,6827550
"365",0.0020824402345668,0.986350473880726,0.0115670858847075,6827557
"366",0.116562119747743,0.767181639436926,0.11625624081533,6827620
"367",0.434069683146151,0.381466110799148,0.184464206054702,6827641
"368",0.131306841762658,0.742124673785446,0.126568484451896,6827658
"369",0.0369304868782547,0.844173940487531,0.118895572634214,6827665
"370",0.237027351672146,0.639948944007265,0.123023704320589,6827675
"371",0.272860041195909,0.564812223783474,0.162327735020618,6827695
"372",0.0864844223151705,0.867965815012989,0.0455497626718407,6827809
"373",0.00579276466243412,0.969553527069799,0.0246537082677669,6827887
"374",0.00422775623485711,0.985656098719887,0.0101161450452554,6827916
"375",0.0175704242082817,0.955885993693893,0.0265435820978256,6827937
"376",0.00193064598501188,0.985671006516959,0.0123983474980293,6827946
"377",0.0484336435950125,0.85587143838843,0.0956949180165577,6827964
"378",0.180057198388236,0.639230690256049,0.180712111355715,6828041
"379",0.149659262773968,0.688843231544932,0.1614975056811,6828071
"380",0.131098560135722,0.752240978226689,0.116660461637589,6828115
"381",0.17646618861904,0.657443040690833,0.166090770690127,6828173
"382",0.00341991180232274,0.980647971224303,0.0159321169733743,6828201
"383",0.174135821613608,0.708761623365381,0.11710255502101,6828296
"384",0.0300997920656987,0.79968624850979,0.170213959424512,6828328
"385",0.151497664118364,0.445781464595945,0.402720871285691,6828420
"386",0.0956654318216331,0.555263419519706,0.349071148658661,6828439
"387",0.00265699296070226,0.97183981671002,0.0255031903292774,6828503
"388",0.00993836890885031,0.883536817823398,0.106524813267752,6828509
"389",0.370448209069021,0.274307037526637,0.355244753404341,6828543
"390",0.129055282338096,0.515552872045113,0.35539184561679,6828550
"391",0.24896784976619,0.278923572951187,0.472108577282623,6828648
"392",0.586886280936068,0.122682527554644,0.290431191509288,6828664
"393",0.0619002051351328,0.706546167690255,0.231553627174613,6828705
"394",0.0302552839265082,0.733454073223934,0.236290642849558,6828722
"395",0.0467055112395368,0.737039973253234,0.216254515507229,6828734
"396",0.395610435360927,0.340120806831658,0.264268757807415,6828761
"397",0.684584677348651,0.135550258822484,0.179865063828865,6828916
"398",0.0578634414451191,0.832502985669211,0.10963357288567,6828970
"399",0.0468171525141082,0.738448684842585,0.214734162643307,6828973
"400",0.0170413128893704,0.927761053453194,0.0551976336574351,6828976
"401",0.582908096060229,0.205265001712374,0.211826902227397,6829004
"402",0.00585437479378194,0.960299263239084,0.0338463619671342,6829058
"403",0.410028799791668,0.222464675645599,0.367506524562733,6829388
"404",0.00321788431004771,0.980630586503042,0.0161515291869103,6829534
"405",0.451451129307621,0.234021919949168,0.314526950743211,6829583
"406",0.28896098549455,0.429294930615097,0.281744083890353,6829660
"407",0.0380728838017649,0.864790238393131,0.0971368778051037,6829725
"408",0.537302940000494,0.170106297527693,0.292590762471813,6829768
"409",0.310008580526128,0.356928604964637,0.333062814509235,6829915
"410",0.752872380661955,0.0922506742751155,0.15487694506293,6829931
"411",0.0148962217030428,0.933368619153815,0.0517351591431421,6829999
"412",0.0736690336594025,0.545600916214975,0.380730050125623,6830057
"413",0.00186159522205102,0.993143872753532,0.00499453202441685,6830076
"414",0.502958265968916,0.163110238826051,0.333931495205033,6830093
"415",0.281194781978416,0.569080746877332,0.149724471144252,6830150
"416",0.0537473929924555,0.683826222188396,0.262426384819149,6830181
"417",0.111231530360673,0.792861647239398,0.0959068223999291,6830196
"418",0.00899212220322819,0.920162663329467,0.0708452144673047,6830255
"419",0.190707884203305,0.336743385289426,0.472548730507269,6830339
"420",0.190866919138504,0.286972453778759,0.522160627082737,6830378
"421",0.43467478370915,0.311943575932576,0.253381640358274,6830414
"422",0.562388280336972,0.138857793013008,0.29875392665002,6830464
"423",0.00932827394841417,0.911640224772232,0.0790315012793542,6830499
"424",0.519620178663257,0.220268198352907,0.260111622983835,6830502
"425",0.451525806289366,0.353817318649088,0.194656875061546,6830510
"426",0.0203395332220969,0.874301081610288,0.105359385167616,6830585
"427",0.0035348979669512,0.981122765894044,0.015342336139005,6830624
"428",0.423195345757379,0.338757689170229,0.238046965072391,6830646
"429",0.00551828460173379,0.979206884879104,0.0152748305191625,6830658
"430",0.616283055865272,0.130280898430421,0.253436045704307,6830699
"431",0.00984865628459322,0.980590624757981,0.00956071895742575,6830734
"432",0.0139103957135551,0.914804206066141,0.0712853982203034,6830752
"433",0.0750623279875069,0.543859336488983,0.38107833552351,6830763
"434",0.479748313696054,0.251886097870369,0.268365588433577,6830764
"435",0.512920743844296,0.238810940451219,0.248268315704485,6830778
"436",0.580612395063312,0.151789901129222,0.267597703807466,6830871
"437",0.134773055070889,0.409708210387428,0.455518734541683,6830946
"438",0.542811505588166,0.154764988209028,0.302423506202806,6830974
"439",0.0124635630602704,0.94224440405148,0.0452920328882492,6831006
"440",0.0742715322542676,0.667406060504949,0.258322407240783,6831096
"441",0.321399016121379,0.330775567119818,0.347825416758803,6831246
"442",0.0061527025825819,0.988229598245208,0.00561769917221024,6831264
"443",0.132873688778075,0.715429261471606,0.151697049750319,6831323
"444",0.170759816401104,0.413641764819194,0.415598418779703,6831408
"445",0.0543410610588353,0.869504677332107,0.0761542616090577,6831414
"446",0.00825590884940418,0.975333080304991,0.0164110108456046,6831428
"447",0.413115282395705,0.172947037114931,0.413937680489365,6831472
"448",0.161087000248293,0.429424189317202,0.409488810434505,6831561
"449",0.198183776988497,0.255247877705996,0.546568345305507,6831602
"450",0.718726682561067,0.0533897064226515,0.227883611016281,6831604
"451",0.0141773737840267,0.9514326661129,0.0343899601030731,6831609
"452",0.537027695101667,0.202143891329134,0.260828413569199,6831618
"453",0.156900568376899,0.314326177187682,0.52877325443542,6831666
"454",0.056997283106574,0.649159668500389,0.293843048393037,6831681
"455",0.81229655084689,0.0601416086764107,0.127561840476699,6831732
"456",0.00356747479948887,0.984974529871174,0.011457995329337,6831743
"457",0.591160949339468,0.162638541875156,0.246200508785376,6831747
"458",0.00334299793864064,0.992499193201373,0.00415780885998617,6831808
"459",0.0790543517580252,0.569877792715975,0.351067855526,6831840
"460",0.0974323749742472,0.624815890821942,0.27775173420381,6831870
"461",0.0118704584687298,0.951551369594201,0.0365781719370695,6831905
"462",0.170644050638562,0.359480623684189,0.469875325677248,6832006
"463",0.0254393140938955,0.877549064389186,0.0970116215169181,6832054
"464",0.0816392509946303,0.62917528447803,0.28918546452734,6832074
"465",0.638091474288617,0.120062971127937,0.241845554583446,6832089
"466",0.148692422701718,0.416278410278714,0.435029167019568,6832102
"467",0.128433564068288,0.72645272589024,0.145113710041472,6832191
"468",0.0731840088494824,0.734526861494379,0.192289129656139,6832285
"469",0.18596913440952,0.665572219838387,0.148458645752093,6832324
"470",0.00510115355119274,0.976513855325681,0.0183849911231261,6832335
"471",0.0801944782618241,0.595649493913362,0.324156027824814,6832354
"472",0.0766814667923037,0.867507400086115,0.0558111331215813,6832390
"473",0.18015038237397,0.334454713582254,0.485394904043776,6832413
"474",0.0688234508460684,0.806181358753357,0.124995190400575,6832415
"475",0.0404472149439244,0.752114737648213,0.207438047407863,6832445
"476",0.636576997475455,0.121201825033023,0.242221177491521,6832496
"477",0.00303749288680757,0.979136294300034,0.0178262128131584,6832522
"478",0.0849887509043215,0.520847943231309,0.39416330586437,6832534
"479",0.0983632425077108,0.536409186434569,0.36522757105772,6832707
"480",0.707698203655474,0.154835925027881,0.137465871316645,6832734
"481",0.02561552936009,0.908870617976926,0.0655138526629845,6832778
"482",0.00971988522393308,0.974650593019461,0.0156295217566062,6832840
"483",0.00875159793185884,0.947308073193548,0.0439403288745929,6832864
"484",0.623405245267333,0.135861419409115,0.240733335323552,6832939
"485",0.349588248862988,0.195237447977197,0.455174303159815,6832973
"486",0.244303221594792,0.266592412816561,0.489104365588647,6833013
"487",0.0222812006249384,0.873351674496523,0.104367124878538,6833041
"488",0.129606834597136,0.515513037152257,0.354880128250608,6833059
"489",0.856501530302486,0.022274340245476,0.121224129452038,6833106
"490",0.0523746025139825,0.754204654566307,0.19342074291971,6833114
"491",0.164123291331846,0.423926210610531,0.411950498057623,6833149
"492",0.231582389099712,0.634427680852924,0.133989930047363,6833167
"493",0.296420246847571,0.25800872670041,0.445571026452018,6833255
"494",0.601388488187358,0.13197187740999,0.266639634402652,6833262
"495",0.117587582219491,0.47254930337294,0.409863114407568,6833276
"496",0.123285393521589,0.52940049373232,0.347314112746091,6833356
"497",0.0617783361843589,0.759729546487714,0.178492117327928,6833358
"498",0.0138169821845192,0.899968962827505,0.0862140549879754,6833369
"499",0.0501516013375928,0.727549573915594,0.222298824746813,6833382
"500",0.122650934911844,0.615635832287013,0.261713232801143,6833383
"501",0.0141040430312088,0.909841708016765,0.0760542489520261,6833431
"502",0.00550870563493698,0.979458004340953,0.0150332900241101,6833451
"503",0.653724620122139,0.110203521899095,0.236071857978766,6833497
"504",0.0419347728370752,0.778134447924459,0.179930779238466,6833589
"505",0.642788243306584,0.104794906977463,0.252416849715954,6833611
"506",0.427337979948343,0.171462676152045,0.401199343899611,6833618
"507",0.174731552600959,0.401586142900778,0.423682304498263,6833633
"508",0.00379811117537965,0.976435317978241,0.0197665708463792,6833689
"509",0.0846528517622642,0.766651624065805,0.14869552417193,6833704
"510",0.498674359093993,0.27798089524043,0.223344745665576,6833795
"511",0.0191256740254929,0.937304151986038,0.0435701739884694,6833840
"512",0.134703382417655,0.773498183063756,0.091798434518589,6833851
"513",0.0656919557791913,0.72596844959466,0.208339594626149,6833852
"514",0.696913058944577,0.112278948781456,0.190807992273967,6833855
"515",0.106692761541145,0.412564794676419,0.480742443782435,6833891
"516",0.76629597089634,0.0552163083168638,0.178487720786796,6833905
"517",0.114804767027783,0.536117910429038,0.349077322543179,6833953
"518",0.455716485439656,0.226183290436928,0.318100224123416,6833956
"519",0.533306080456286,0.220450306037149,0.246243613506565,6833960
"520",0.0695495323344291,0.649198686293725,0.281251781371846,6833970
"521",0.0955160641338304,0.565938020922705,0.338545914943465,6833991
"522",0.234036998857212,0.365868960296313,0.400094040846476,6834003
"523",0.224099743962999,0.300713873486736,0.475186382550265,6834008
"524",0.311025766736923,0.229998358181586,0.458975875081491,6834011
"525",0.279763711128063,0.285912091380519,0.434324197491418,6834028
"526",0.738279934128355,0.0393035611711435,0.222416504700502,6834032
"527",0.0170379030627675,0.891530673498463,0.0914314234387696,6834092
"528",0.643027961474528,0.0876346679714113,0.269337370554061,6834124
"529",0.476733883809655,0.281621718319394,0.241644397870951,6834215
"530",0.0181979737721289,0.922846608113997,0.0589554181138736,6834219
"531",0.510687948326944,0.134276921864263,0.355035129808792,6834260
"532",0.702485748192693,0.131912595682916,0.165601656124392,6834342
"533",0.814495242558777,0.0619697795704652,0.123534977870758,6834417
"534",0.804792876864961,0.0821428544992348,0.113064268635804,6834450
"535",0.0827688515664151,0.768728218330733,0.148502930102852,6834499
"536",0.752696659267754,0.0905540494523964,0.156749291279849,6834528
"537",0.145610732014465,0.495701666700099,0.358687601285436,6834530
"538",0.843908920743507,0.0458191313823858,0.110271947874108,6834651
"539",0.195526219265251,0.415064653964056,0.389409126770693,6834661
"540",0.0141403160774789,0.943794300048611,0.0420653838739106,6834674
"541",0.873422963917973,0.02632114060699,0.100255895475037,6834758
"542",0.852080343045881,0.035396319461048,0.11252333749307,6834769
"543",0.00169307160899751,0.993419462497675,0.004887465893328,6835113
"544",0.207392556727781,0.382350905255901,0.410256538016319,6835186
"545",0.0262724226977156,0.938435944595028,0.0352916327072565,6835243
"546",0.036442105056217,0.891469743347876,0.0720881515959071,6835305
"547",0.0333283662695936,0.890186761442917,0.0764848722874891,6835317
"548",0.868619539956035,0.0544682430502303,0.0769122169937344,6835321
"549",0.0244210277124182,0.937580768557267,0.0379982037303152,6835374
"550",0.827645701810253,0.0363934461764559,0.135960852013291,6835424
"551",0.825043659925947,0.0413963995260708,0.133559940547983,6835461
"552",0.0538660313015209,0.810654398410723,0.135479570287757,6835483
"553",0.771380367585832,0.0759986995047522,0.152620932909416,6835524
"554",0.82824033136601,0.0298266080985155,0.141933060535475,6835570
"555",0.101573438953547,0.6936863136002,0.204740247446253,6835576
"556",0.0110174430470593,0.944227883835438,0.0447546731175027,6835697
"557",0.0161398130102571,0.913708189924524,0.0701519970652187,6835698
"558",0.529366110562723,0.269969923562188,0.200663965875089,6835728
"559",0.432366261518385,0.389760305225635,0.17787343325598,6835783
"560",0.0064777632790852,0.967581528656841,0.0259407080640741,6835850
"561",0.100578099675403,0.723129260749641,0.176292639574955,6835900
"562",0.129174775405913,0.731946172970938,0.13887905162315,6836066
"563",0.059095734472508,0.750049463017235,0.190854802510257,6836099
"564",0.0116616619748895,0.959459400767397,0.0288789372577139,6836142
"565",0.0099681657099669,0.941792034938071,0.0482397993519625,6836210
"566",0.0670073448084546,0.88136475936993,0.0516278958216152,6836373
"567",0.0335722903331441,0.86600701389332,0.100420695773536,6836482
"568",0.146723677199906,0.751695159758564,0.10158116304153,6836515
"569",0.113230066465957,0.8208463731404,0.0659235603936436,6836537
"570",0.00133504334450369,0.991363584917399,0.00730137173809711,6836629
"571",0.234548330458732,0.253249345106085,0.512202324435183,6836763
"572",0.0126240917351804,0.904927255989864,0.0824486522749556,6836783
"573",0.635532650012164,0.128024797664109,0.236442552323726,6836819
"574",0.545853817236827,0.156047383142747,0.298098799620426,6836858
"575",0.542767947217859,0.152394431808372,0.30483762097377,6836861
"576",0.797147406567139,0.0791767984536055,0.123675794979255,6836913
"577",0.819530892637297,0.0607662013503783,0.119702906012325,6836939
"578",0.0151400379964185,0.912036870977452,0.0728230910261299,6836970
"579",0.0248633580473675,0.801127793000986,0.174008848951647,6836993
"580",0.049933474983771,0.688809163005469,0.26125736201076,6837033
"581",0.0762791508800563,0.578887430849106,0.344833418270838,6837085
"582",0.229939829282266,0.31624434092631,0.453815829791424,6837197
"583",0.384951673158265,0.213800062167908,0.401248264673827,6837237
"584",0.346434927570507,0.356006924439524,0.297558147989968,6837328
