"listing_id","high","low","medium"
6811975,0.472530158730159,0.213661904761905,0.313807936507937
6812002,0.511951587301587,0.20808253968254,0.279965873015873
6812005,0.516629365079365,0.217124603174603,0.266246031746032
6812048,0.58560873015873,0.116726984126984,0.297664285714286
6812062,0.536151587301588,0.182879365079365,0.280969047619048
6812064,0.628524603174603,0.105416666666667,0.26605873015873
6812107,0.234107142857143,0.438685714285715,0.327207142857143
6812120,0.486153174603175,0.205037301587302,0.308809523809524
6812122,0.135592857142857,0.670684920634921,0.193722222222222
6812160,0.474813836846214,0.246425236360482,0.278760926793304
6812162,0.545276984126984,0.170765873015873,0.283957142857143
6812179,0.280169047619048,0.387886507936508,0.331944444444445
6812192,0.615987301587301,0.126622222222222,0.257390476190476
6812233,0.575984126984127,0.126346825396825,0.297669047619048
6812234,0.325471428571429,0.303503968253968,0.371024603174604
6812275,0.73966746031746,0.0629714285714286,0.197361111111111
6812289,0.353266666666667,0.237292063492064,0.40944126984127
6812301,0.460143201925579,0.247486347471594,0.292370450602828
6812374,0.138273015873016,0.612623809523809,0.249103174603175
6812437,0.553910317460318,0.151493650793651,0.294596031746032
6812493,0.108374603174603,0.627551587301588,0.26407380952381
6812546,0.117080952380952,0.578302380952381,0.304616666666667
6812548,0.644065873015873,0.10898253968254,0.246951587301588
6812557,0.121693650793651,0.643934126984128,0.234372222222223
6812558,0.67509126984127,0.105819047619048,0.219089682539683
6812630,0.70705873015873,0.0895603174603175,0.203380952380953
6812711,0.291666666666667,0.323757142857143,0.38457619047619
6812759,0.445179365079365,0.257240476190477,0.297580158730159
6812781,0.127938539227166,0.711472979416038,0.160588481356796
6812855,0.580588888888889,0.16502380952381,0.254387301587302
6812859,0.600623015873015,0.158037301587302,0.241339682539683
6813007,0.66968253968254,0.0921412698412698,0.238176190476191
6813115,0.599934920634921,0.111705555555556,0.288359523809524
6813319,0.141477777777778,0.624273015873016,0.234249206349207
6813364,0.105306349206349,0.665624603174603,0.229069047619048
6813365,0.567415873015873,0.132576190476191,0.300007936507937
6813385,0.134749206349206,0.635517460317461,0.229733333333333
6813451,0.555876190476191,0.173715873015873,0.270407936507937
6813471,0.138843650793651,0.589092857142857,0.272063492063492
6813474,0.577415079365079,0.176221428571429,0.246363492063492
6813489,0.61303492063492,0.122680158730159,0.264284920634921
6813511,0.648284920634921,0.128770634920635,0.222944444444445
6813607,0.200922222222222,0.414963492063492,0.384114285714286
6813610,0.587790476190476,0.15331746031746,0.258892063492064
6813630,0.521223015873016,0.174812698412698,0.303964285714286
6813638,0.537257142857143,0.208427777777778,0.25431507936508
6813666,0.560038888888889,0.181638095238095,0.258323015873016
6813673,0.632489682539682,0.124642857142857,0.242867460317461
6813776,0.478757936507937,0.214035714285714,0.307206349206349
6813824,0.50252380952381,0.176357142857143,0.321119047619048
6813827,0.637523809523809,0.120077777777778,0.242398412698413
6813847,0.611883333333334,0.14112380952381,0.246992857142857
6813905,0.603718253968254,0.140909523809524,0.255372222222222
6813946,0.540892857142857,0.159184126984127,0.299923015873016
6814059,0.171169047619048,0.511148412698413,0.31768253968254
6814194,0.560818253968254,0.174185714285714,0.264996031746032
6814200,0.579519047619047,0.138619841269841,0.281861111111111
6814223,0.270454761904762,0.317561111111111,0.411984126984127
6814234,0.649148412698413,0.106655555555556,0.244196031746032
6814245,0.661630158730159,0.120195238095238,0.218174603174603
6814285,0.352674603174603,0.24935873015873,0.397966666666667
6814463,0.219137301587302,0.405553174603175,0.375309523809524
6814491,0.61968253968254,0.104836507936508,0.275480952380952
6814530,0.628342857142857,0.129734126984127,0.241923015873016
6814689,0.624658730158731,0.155946031746032,0.219395238095238
6814729,0.288443650793651,0.246466666666667,0.465089682539683
6814778,0.601384126984127,0.155910317460318,0.242705555555556
6814785,0.709435714285715,0.0755611111111111,0.215003174603175
6814867,0.559430158730159,0.153289682539683,0.287280158730159
6815008,0.547701587301587,0.163634920634921,0.288663492063492
6815012,0.628653174603175,0.13236746031746,0.238979365079365
6815016,0.587904761904762,0.185124603174603,0.226970634920635
6815025,0.702717460317461,0.0833746031746032,0.213907936507937
6815123,0.639131746031746,0.137530952380952,0.223337301587302
6815284,0.617854761904763,0.116984126984127,0.265161111111111
6815306,0.592246825396825,0.123636507936508,0.284116666666667
6815350,0.539412249544627,0.186065712550959,0.274522037904415
6815367,0.609926984126985,0.116325396825397,0.273747619047619
6815494,0.636618253968254,0.0978563492063492,0.265525396825397
6815584,0.533712698412698,0.134312698412698,0.331974603174603
6815649,0.720805555555556,0.0724857142857143,0.20670873015873
6815657,0.646744444444445,0.0909412698412699,0.262314285714286
6815683,0.621702380952381,0.0708722222222223,0.307425396825397
6815699,0.693838095238095,0.107444444444445,0.19871746031746
6815724,0.676863492063492,0.117713492063492,0.205423015873016
6815726,0.662093650793651,0.113151587301587,0.224754761904762
6815739,0.147394444444445,0.549719047619048,0.302886507936508
6815756,0.156162698412699,0.604983333333334,0.238853968253968
6815761,0.686761111111111,0.0910436507936508,0.222195238095238
6815796,0.718657936507937,0.0635349206349206,0.217807142857143
6815797,0.550343650793651,0.114944444444444,0.334711904761905
6815867,0.209931746031746,0.470934920634921,0.319133333333334
6815906,0.251734920634921,0.385722222222222,0.362542857142857
6815957,0.683885714285714,0.0908595238095238,0.225254761904762
6816004,0.246928571428572,0.491045238095238,0.262026190476191
6816055,0.178790476190476,0.560650793650794,0.26055873015873
6816065,0.591701587301588,0.134679365079365,0.273619047619048
6816092,0.62532619047619,0.0948269841269842,0.279846825396826
6816108,0.709205555555556,0.073018253968254,0.217776190476191
6816109,0.61657380952381,0.0877238095238096,0.295702380952381
6816175,0.140553968253968,0.561153968253969,0.298292063492064
6816179,0.207630952380952,0.535797619047619,0.256571428571429
6816182,0.720011904761905,0.0665404761904762,0.213447619047619
6816200,0.202966666666667,0.490639682539683,0.306393650793651
6816208,0.649146825396825,0.100334126984127,0.250519047619048
6816218,0.647763492063492,0.076986507936508,0.27525
6816261,0.679630158730159,0.0854373015873016,0.23493253968254
6816264,0.61455,0.124130952380952,0.261319047619048
6816290,0.204327777777778,0.53683253968254,0.258839682539683
6816359,0.585526984126984,0.115009523809524,0.299463492063492
6816386,0.690125396825397,0.0820285714285714,0.227846031746032
6816452,0.669530158730159,0.110630158730159,0.219839682539683
6816473,0.122461904761905,0.552011904761905,0.325526190476191
6816563,0.187213492063492,0.416075396825397,0.396711111111111
6816586,0.580260317460318,0.143560317460318,0.276179365079365
6816697,0.235090476190476,0.430613492063492,0.334296031746032
6816748,0.155151587301587,0.520428571428571,0.324419841269841
6816799,0.149626984126984,0.504599206349207,0.34577380952381
6816812,0.505405555555556,0.1778,0.316794444444445
6816818,0.202737301587302,0.276106349206349,0.521156349206349
6816885,0.328707142857143,0.278007142857143,0.393285714285715
6816911,0.660656349206349,0.0745293650793651,0.264814285714286
6816964,0.619647619047619,0.0952825396825397,0.285069841269842
6816970,0.200523015873016,0.435949206349206,0.363527777777778
6816981,0.147105555555556,0.591153968253968,0.261740476190476
6817052,0.595003968253969,0.113263492063492,0.29173253968254
6817064,0.171125396825397,0.489339682539683,0.339534920634921
6817104,0.636002380952381,0.115252380952381,0.248745238095238
6817129,0.204587301587302,0.480999206349207,0.314413492063493
6817166,0.577452380952381,0.13091746031746,0.291630158730159
6817198,0.136918253968254,0.485193650793651,0.377888095238095
6817206,0.189464285714286,0.527430158730159,0.283105555555556
6817240,0.643000793650794,0.0640626984126984,0.292936507936508
6817273,0.567421428571429,0.150407936507937,0.282170634920635
6817359,0.578442063492064,0.113061904761905,0.308496031746032
6817565,0.736598412698413,0.0986436507936508,0.164757936507937
6817605,0.458890476190476,0.217238888888889,0.323870634920635
6817642,0.183903968253969,0.561026984126984,0.255069047619048
6817705,0.512263492063492,0.155456349206349,0.332280158730159
6817756,0.177946031746032,0.56516507936508,0.256888888888889
6817829,0.555838095238096,0.143692857142857,0.300469047619048
6817855,0.466492857142857,0.249515873015873,0.28399126984127
6817858,0.619887301587302,0.152280952380952,0.227831746031746
6817899,0.677278571428572,0.112902380952381,0.209819047619048
6817905,0.534043650793651,0.188869841269841,0.277086507936508
6817926,0.0907373015873016,0.702164285714286,0.207098412698413
6817942,0.570176984126984,0.131611111111111,0.298211904761905
6817964,0.221730952380953,0.441511904761905,0.336757142857143
6817977,0.159226984126984,0.59353253968254,0.247240476190476
6818001,0.100434126984127,0.668209523809525,0.231356349206349
6818061,0.126057936507937,0.656421428571429,0.217520634920635
6818139,0.563797619047619,0.142000793650794,0.294201587301587
6818163,0.515834920634921,0.206910317460318,0.277254761904762
6818190,0.174724603174603,0.532950793650794,0.292324603174603
6818198,0.181327777777778,0.523440476190476,0.295231746031746
6818326,0.691783333333334,0.0957222222222222,0.212494444444445
6818340,0.582400793650794,0.169111111111111,0.248488095238096
6818343,0.618450793650793,0.139862698412698,0.241686507936508
6818363,0.611690476190476,0.133894444444445,0.25441507936508
6818382,0.562200793650794,0.155074603174603,0.282724603174603
6818385,0.108383333333333,0.657312698412698,0.234303968253968
6818388,0.169422222222222,0.634630158730159,0.195947619047619
6818419,0.586600793650793,0.129042857142857,0.28435634920635
6818471,0.0966563492063492,0.686005555555556,0.217338095238095
6818487,0.102515079365079,0.647247619047619,0.250237301587302
6818503,0.480388888888889,0.159507936507937,0.360103174603175
6818549,0.585305555555556,0.147130952380953,0.267563492063492
6818561,0.50245873015873,0.202215873015873,0.295325396825397
6818690,0.657822222222223,0.105426984126984,0.236750793650794
6818730,0.577353968253969,0.154015079365079,0.268630952380952
6818731,0.231996825396826,0.498130952380953,0.269872222222222
6818902,0.474521428571428,0.264396825396826,0.261081746031746
6818903,0.139281746031746,0.631724603174603,0.228993650793651
6819002,0.0905992063492064,0.75478253968254,0.154618253968254
6819102,0.666515079365079,0.0940944444444445,0.239390476190476
6819105,0.627279365079365,0.139752380952381,0.232968253968254
6819113,0.600930952380952,0.114433333333333,0.284635714285714
6819147,0.606469841269841,0.155707936507937,0.237822222222222
6819214,0.165862698412699,0.661020634920635,0.173116666666667
6819247,0.202869047619048,0.453596825396825,0.343534126984127
6819258,0.636099206349206,0.117788095238095,0.246112698412699
6819315,0.624239682539683,0.111119047619048,0.26464126984127
6819398,0.592092063492063,0.120311111111111,0.287596825396826
6819412,0.670451587301587,0.103360317460318,0.226188095238095
6819424,0.495613095238095,0.137638888888889,0.366748015873016
6819427,0.726287301587302,0.0857111111111111,0.188001587301588
6819586,0.223133333333334,0.533566666666667,0.2433
6819608,0.652599206349207,0.0961436507936508,0.251257142857143
6819668,0.494246825396826,0.194334126984127,0.311419047619048
6819700,0.650601587301587,0.0822873015873016,0.267111111111111
6819743,0.590792063492063,0.0926357142857143,0.316572222222222
6819821,0.278083333333334,0.362709523809524,0.359207142857143
6819835,0.135569841269841,0.56754126984127,0.296888888888889
6819892,0.604629365079365,0.135937301587302,0.259433333333334
6819937,0.633453174603175,0.127353174603175,0.239193650793651
6819957,0.763542857142857,0.0708166666666667,0.165640476190476
6820020,0.660337301587302,0.115230158730159,0.22443253968254
6820022,0.556603174603175,0.163676190476191,0.279720634920635
6820066,0.402437301587302,0.224419047619048,0.373143650793651
6820083,0.0909039682539683,0.722555555555556,0.186540476190476
6820086,0.15995873015873,0.558896825396826,0.281144444444445
6820119,0.530361904761904,0.187557142857143,0.282080952380952
6820134,0.626637301587301,0.111685714285714,0.261676984126984
6820186,0.128422222222222,0.599134126984127,0.272443650793651
6820196,0.686769047619048,0.11817380952381,0.195057142857143
6820363,0.435196031746032,0.275384920634921,0.289419047619048
6820416,0.11035,0.580463492063492,0.309186507936508
6820419,0.334759523809524,0.205950793650794,0.459289682539683
6820486,0.137027777777778,0.623849206349207,0.239123015873016
6820533,0.539771428571429,0.203411904761905,0.256816666666667
6820541,0.595560317460317,0.181331746031746,0.223107936507937
6820634,0.500769841269841,0.169234920634921,0.329995238095238
6820708,0.288746825396826,0.447400793650794,0.263852380952381
6820750,0.507061904761905,0.169174603174603,0.323763492063492
6820763,0.547586507936508,0.213242063492064,0.239171428571429
6820789,0.256238095238095,0.460384920634921,0.283376984126984
6820797,0.620861111111111,0.118550793650794,0.260588095238095
6820919,0.516242857142857,0.171823015873016,0.311934126984127
6820990,0.115714285714286,0.706804761904762,0.177480952380953
6821005,0.616565873015873,0.13596746031746,0.247466666666667
6821129,0.225842063492064,0.391184920634921,0.382973015873016
6821278,0.365707936507937,0.258064285714286,0.376227777777778
6821288,0.465220634920635,0.188387301587302,0.346392063492063
6821629,0.167425396825397,0.563121428571429,0.269453174603175
6821633,0.111019841269841,0.617933333333334,0.271046825396826
6821674,0.553750793650794,0.206200793650794,0.240048412698413
6821765,0.631755555555556,0.12344126984127,0.244803174603175
6821819,0.237254761904762,0.481733333333334,0.281011904761905
6821828,0.600564285714286,0.120643650793651,0.278792063492064
6821855,0.644124603174603,0.108157936507937,0.247717460317461
6821864,0.22446746031746,0.508221428571429,0.267311111111111
6821891,0.190371428571429,0.465054761904762,0.34457380952381
6821944,0.522116666666667,0.10815873015873,0.369724603174604
6822007,0.128733333333333,0.64070873015873,0.230557936507937
6822078,0.486687698412699,0.150722222222222,0.36259007936508
6822097,0.717421428571429,0.0549015873015873,0.227676984126984
6822188,0.779984920634921,0.0618317460317461,0.158183333333333
6822335,0.638742063492063,0.101919047619048,0.259338888888889
6822337,0.747042063492064,0.0522769841269841,0.200680952380952
6822355,0.619292063492063,0.111047619047619,0.269660317460318
6822384,0.557540476190476,0.0969587301587302,0.345500793650794
6822428,0.703433333333334,0.0697809523809524,0.226785714285714
6822437,0.692992063492064,0.0670420634920635,0.239965873015873
6822449,0.155972222222222,0.388272222222223,0.455755555555556
6822552,0.63436746031746,0.152131746031746,0.213500793650794
6822559,0.599211904761905,0.145023015873016,0.25576507936508
6822572,0.621648412698413,0.153514285714286,0.224837301587302
6822633,0.443776535258913,0.257354601439848,0.298868863301241
6822645,0.573465873015873,0.105290476190476,0.321243650793651
6822687,0.556465873015873,0.14065,0.302884126984127
6822698,0.129457936507937,0.582671428571429,0.287870634920635
6822714,0.465939682539683,0.228277777777778,0.30578253968254
6822722,0.142815873015873,0.55606746031746,0.301116666666667
6822744,0.629061111111111,0.129466666666667,0.241472222222222
6822757,0.129455555555556,0.639726190476191,0.230818253968254
6822865,0.422025741608119,0.275505395090641,0.30246886330124
6822920,0.412109074941452,0.308704601439848,0.279186323618701
6822922,0.541935714285714,0.150271428571429,0.307792857142857
6822987,0.111421428571429,0.708123015873017,0.180455555555556
6822990,0.0951658730158731,0.67194761904762,0.232886507936508
6823074,0.661146031746032,0.1052,0.233653968253968
6823079,0.615942063492064,0.119665079365079,0.264392857142857
6823385,0.583218253968254,0.157755555555556,0.259026190476191
6823464,0.13207380952381,0.620557936507937,0.247368253968254
6823523,0.495268253968254,0.178147619047619,0.326584126984127
6823612,0.250157142857143,0.395156349206349,0.354686507936508
6823625,0.630877777777778,0.116225396825397,0.252896825396826
6823639,0.0844301587301588,0.746628571428572,0.16894126984127
6823641,0.6181,0.115889682539683,0.266010317460318
6823782,0.0876309523809524,0.653654761904762,0.258714285714286
6823800,0.659989682539683,0.0992206349206349,0.240789682539683
6823921,0.144450793650794,0.585238888888889,0.270310317460318
6823943,0.431521428571429,0.240342063492064,0.328136507936508
6824005,0.64853253968254,0.096286507936508,0.255180952380953
6824009,0.12255873015873,0.603011111111111,0.274430158730159
6824096,0.733055555555556,0.0830317460317461,0.183912698412698
6824121,0.627002380952381,0.130053174603175,0.242944444444445
6824193,0.175611904761905,0.455146031746032,0.369242063492064
6824219,0.657143650793651,0.0912150793650794,0.25164126984127
6824307,0.604542063492064,0.138092063492064,0.257365873015873
6824334,0.648430952380953,0.131080952380952,0.220488095238095
6824399,0.120759523809524,0.586904761904762,0.292335714285715
6824422,0.530763492063492,0.19843253968254,0.270803968253968
6824494,0.603183333333333,0.161800793650794,0.235015873015873
6824574,0.165771428571429,0.416193650793651,0.418034920634921
6824622,0.126089682539683,0.553577777777778,0.32033253968254
6824658,0.253937301587302,0.45188253968254,0.294180158730159
6824700,0.580947619047619,0.175438095238095,0.243614285714286
6824721,0.107796825396825,0.640835714285714,0.25136746031746
6824730,0.129352380952381,0.538773015873016,0.331874603174603
6824754,0.179112698412699,0.486093650793651,0.334793650793651
6824772,0.651042857142857,0.129452380952381,0.219504761904762
6824777,0.555968253968254,0.147250793650794,0.296780952380953
6824838,0.738975396825397,0.0697880952380953,0.191236507936508
6824956,0.612255555555555,0.0999174603174603,0.287826984126984
6824984,0.142605555555556,0.521790476190477,0.335603968253968
6824991,0.531740476190476,0.154853174603175,0.313406349206349
6825036,0.558045238095238,0.150840476190476,0.291114285714286
6825037,0.61289126984127,0.109047619047619,0.278061111111111
6825097,0.493174603174603,0.152237301587302,0.354588095238096
6825120,0.141810317460317,0.571528571428572,0.286661111111111
6825139,0.176181746031746,0.473703968253969,0.350114285714286
6825199,0.60723253968254,0.0990801587301588,0.293687301587302
6825232,0.261948412698413,0.391318253968254,0.346733333333333
6825239,0.12208253968254,0.572321428571429,0.305596031746032
6825298,0.252144444444445,0.375970634920635,0.371884920634921
6825299,0.135088888888889,0.522064285714286,0.342846825396826
6825332,0.657951587301588,0.09255,0.249498412698413
6825413,0.264469841269842,0.366896825396826,0.368633333333333
6825469,0.568081746031746,0.0953349206349207,0.336583333333333
6825499,0.651216666666667,0.0947039682539682,0.254079365079365
6825519,0.167811111111111,0.557985714285714,0.274203174603175
6825583,0.675624603174603,0.107684920634921,0.216690476190476
6825604,0.640342063492063,0.0937515873015873,0.265906349206349
6825639,0.187784920634921,0.427338095238095,0.384876984126984
6825700,0.616661111111111,0.115639682539683,0.267699206349207
6825712,0.655675396825397,0.0991515873015874,0.245173015873016
6825761,0.637686507936508,0.100724603174603,0.261588888888889
6825777,0.702871428571429,0.0705825396825397,0.226546031746032
6825798,0.614269841269841,0.0940420634920635,0.291688095238095
6825825,0.11766746031746,0.528953968253968,0.353378571428571
6825857,0.0660539682539683,0.721255555555556,0.212690476190476
6825858,0.117450793650794,0.644723809523809,0.237825396825397
6825871,0.616637301587301,0.10225873015873,0.281103968253968
6825888,0.288087301587302,0.217934920634921,0.493977777777778
6826108,0.621238095238095,0.122181746031746,0.256580158730159
6826111,0.618575396825397,0.0994230158730159,0.282001587301587
6826115,0.70367380952381,0.0704349206349207,0.22589126984127
6826122,0.540664285714286,0.138743650793651,0.320592063492064
6826151,0.639312698412698,0.136427777777778,0.224259523809524
6826243,0.299712698412698,0.290653968253968,0.409633333333334
6826507,0.101380952380952,0.657280952380953,0.241338095238095
6826543,0.568246031746032,0.127405555555556,0.304348412698413
6826559,0.114377777777778,0.667942063492064,0.217680158730159
6826566,0.673890476190476,0.0918976190476191,0.234211904761905
6826600,0.592955555555555,0.124450793650794,0.282593650793651
6826714,0.228126190476191,0.312985714285714,0.458888095238095
6826728,0.119740476190476,0.570621428571429,0.309638095238095
6826729,0.62709761904762,0.0933396825396826,0.279562698412699
6826744,0.674008730158731,0.0955944444444445,0.230396825396826
6826762,0.678957936507937,0.100379365079365,0.220662698412699
6826770,0.273850793650794,0.295592857142857,0.430556349206349
6826812,0.656819047619048,0.0945690476190476,0.248611904761905
6826853,0.645618253968254,0.104019841269841,0.250361904761905
6826889,0.674254761904762,0.0909388888888889,0.234806349206349
6826963,0.54815873015873,0.11225873015873,0.33958253968254
6826990,0.659431746031746,0.105281746031746,0.235286507936508
6827013,0.66144761904762,0.0906571428571429,0.247895238095238
6827047,0.18620873015873,0.51896507936508,0.294826190476191
6827065,0.660788095238096,0.109788095238095,0.22942380952381
6827180,0.613613095238096,0.100724603174603,0.285662301587302
6827297,0.708066666666667,0.0659785714285715,0.225954761904762
6827339,0.68431507936508,0.0887992063492064,0.226885714285714
6827341,0.653196031746032,0.101272222222222,0.245531746031746
6827350,0.240626984126984,0.442588095238095,0.31678492063492
6827380,0.586492063492064,0.155123015873016,0.258384920634921
6827408,0.649849206349206,0.0981396825396826,0.252011111111111
6827442,0.242077777777778,0.484809523809524,0.273112698412699
6827455,0.652476190476191,0.105883333333333,0.241640476190476
6827557,0.118738888888889,0.627896031746031,0.25336507936508
6827560,0.667587301587302,0.108540476190476,0.223872222222222
6827620,0.657184920634921,0.108988888888889,0.233826190476191
6827660,0.676675396825397,0.0949809523809524,0.228343650793651
6827665,0.590033333333333,0.13266746031746,0.277299206349206
6827678,0.54287380952381,0.183742063492064,0.273384126984127
6827697,0.62404126984127,0.113669841269841,0.262288888888889
6827784,0.473603968253968,0.215089682539683,0.31130634920635
6827909,0.454573015873016,0.248956277056277,0.296470707070707
6827913,0.534907142857143,0.16538253968254,0.299710317460318
6827918,0.481568253968254,0.227426984126984,0.291004761904762
6827937,0.474293201925579,0.251873649058895,0.273833149015526
6827971,0.635988095238095,0.116192063492064,0.247819841269841
6827975,0.156556349206349,0.573480952380953,0.269962698412699
6828089,0.600852380952381,0.163706349206349,0.23544126984127
6828120,0.102880158730159,0.602088888888889,0.295030952380953
6828125,0.499108730158731,0.211696031746032,0.289195238095238
6828207,0.510605555555556,0.203234920634921,0.286159523809524
6828220,0.634044444444444,0.112505555555556,0.25345
6828260,0.524734126984127,0.199589682539683,0.275676190476191
6828278,0.118719841269841,0.56730873015873,0.313971428571429
6828346,0.74400873015873,0.0667261904761905,0.18926507936508
6828385,0.116544444444445,0.607634126984127,0.275821428571429
6828411,0.737974603174604,0.0952531746031746,0.166772222222222
6828423,0.0896,0.651692857142857,0.258707142857143
6828425,0.592442857142857,0.1639,0.243657142857143
6828478,0.572386507936508,0.134906349206349,0.292707142857143
6828521,0.153848412698413,0.535347619047619,0.310803968253968
6828568,0.59261746031746,0.113285714285714,0.294096825396826
6828596,0.140976190476191,0.635936507936508,0.223087301587302
6828648,0.634926190476191,0.118223015873016,0.246850793650794
6828683,0.159268253968254,0.597578571428571,0.243153174603175
6828705,0.586262698412699,0.156289682539683,0.257447619047619
6828746,0.200387301587302,0.520778571428572,0.278834126984127
6828902,0.212165873015873,0.468059523809524,0.319774603174603
6828916,0.510912698412698,0.189181746031746,0.299905555555556
6828943,0.638275396825397,0.113069841269841,0.248654761904762
6829058,0.118909523809524,0.697480158730159,0.183610317460318
6829125,0.612138888888889,0.133196031746032,0.25466507936508
6829285,0.205552380952381,0.503689682539682,0.290757936507937
6829417,0.605154761904762,0.137524603174603,0.257320634920635
6829436,0.598442063492063,0.128743650793651,0.272814285714286
6829477,0.583801587301587,0.152981746031746,0.263216666666667
6829554,0.100807142857143,0.561842857142857,0.33735
6829567,0.698970634920635,0.074815873015873,0.226213492063492
6829571,0.57831746031746,0.124342857142857,0.297339682539683
6829583,0.619309523809524,0.118466666666667,0.26222380952381
6829591,0.547939682539683,0.131614285714286,0.320446031746032
6829607,0.653475396825397,0.122236507936508,0.224288095238096
6829625,0.183984126984127,0.528313492063492,0.287702380952381
6829654,0.666347619047619,0.091618253968254,0.242034126984127
6829655,0.618039682539683,0.101234126984127,0.280726190476191
6829666,0.642824603174604,0.115284920634921,0.241890476190476
6829693,0.428863492063492,0.246128571428572,0.325007936507937
6829739,0.685168253968254,0.103002380952381,0.211829365079365
6829757,0.591098412698413,0.155581746031746,0.253319841269842
6829818,0.0806515873015873,0.680434920634921,0.238913492063492
6829853,0.648983333333333,0.123389682539683,0.227626984126984
6829894,0.624107142857143,0.14677380952381,0.229119047619048
6829921,0.497956349206349,0.184871428571429,0.317172222222222
6829924,0.133794094782722,0.698789646082705,0.167416259134574
6829988,0.45834246031746,0.220426984126984,0.321230555555556
6830057,0.388075396825397,0.218859523809524,0.393065079365079
6830106,0.408528571428572,0.165978571428572,0.425492857142857
6830126,0.124774253512881,0.742188852431911,0.133036894055209
6830181,0.143681746031746,0.495195238095238,0.361123015873016
6830261,0.216722222222222,0.326686507936508,0.45659126984127
6830305,0.0963031746031747,0.728090476190477,0.175606349206349
6830379,0.694037301587302,0.0757150793650794,0.230247619047619
6830498,0.691822222222223,0.0977087301587302,0.210469047619048
6830523,0.69636507936508,0.0858230158730159,0.217811904761905
6830599,0.489909126984127,0.147761904761905,0.362328968253968
6830613,0.658257142857143,0.111984920634921,0.229757936507937
6830763,0.164526190476191,0.480461904761905,0.355011904761905
6830808,0.182919491608119,0.651359487352546,0.165721021039336
6830818,0.295849206349206,0.398872222222222,0.305278571428572
6830905,0.680159523809524,0.0761468253968254,0.243693650793651
6830949,0.648030158730159,0.0943357142857143,0.257634126984127
6830959,0.182307936507937,0.540089682539683,0.277602380952381
6831006,0.312072222222222,0.422258730158731,0.265669047619048
6831011,0.773661904761905,0.0709468253968254,0.15539126984127
6831043,0.175844888433516,0.66993647147953,0.154218640086955
6831245,0.175863492063492,0.481153968253969,0.34298253968254
6831246,0.483867857142857,0.171677777777778,0.344454365079365
6831313,0.522779709862087,0.21036174429699,0.266858545840923
6831405,0.587895238095239,0.0832960317460318,0.32880873015873
6831455,0.523653519385897,0.214841903027149,0.261504577586955
6831463,0.128029067460318,0.667716790674604,0.20425414186508
6831515,0.0999579365079365,0.561055555555556,0.338986507936508
6831577,0.14531001984127,0.592572346230159,0.262117633928572
6831579,0.14164126984127,0.585009523809524,0.273349206349207
6831603,0.0839468253968254,0.751029365079365,0.16502380952381
6831604,0.691607142857143,0.07475,0.233642857142857
6831609,0.122862698412699,0.682137301587302,0.195
6831617,0.21311507936508,0.452655555555555,0.334229365079365
6831670,0.680634920634921,0.0629079365079366,0.256457142857143
6831689,0.228418253968254,0.480879365079365,0.290702380952381
6831712,0.14160873015873,0.525335714285714,0.333055555555556
6831743,0.483401932084309,0.238181585566832,0.278416482348859
6831751,0.572976984126984,0.0809111111111111,0.346111904761905
6831797,0.11601746031746,0.647923015873016,0.236059523809524
6831840,0.138749206349206,0.582026984126985,0.27922380952381
6831853,0.709219841269842,0.0812611111111111,0.209519047619048
6831915,0.182560761449389,0.627225360368419,0.190213878182193
6832030,0.0435071428571429,0.794733333333333,0.161759523809524
6832159,0.508725793650794,0.130680158730159,0.360594047619048
6832210,0.093734126984127,0.67165,0.234615873015873
6832366,0.224220634920635,0.46845873015873,0.307320634920635
6832445,0.587180952380952,0.112188888888889,0.300630158730159
6832463,0.0796587301587302,0.773857142857143,0.146484126984127
6832465,0.735386507936508,0.118411904761905,0.146201587301587
6832510,0.661557936507936,0.10087380952381,0.237568253968254
6832707,0.531295238095238,0.120655555555556,0.348049206349206
6832718,0.193300793650794,0.456907142857143,0.349792063492064
6832764,0.674638888888889,0.0808373015873016,0.24452380952381
6832864,0.156052380952381,0.5929,0.251047619047619
6832876,0.196561111111111,0.515405555555556,0.288033333333333
6832970,0.623779365079365,0.0851261904761905,0.291094444444444
6832971,0.0962015873015874,0.716392857142858,0.187405555555556
6832980,0.197310813492064,0.563265203373016,0.239423983134921
6833015,0.491032936507937,0.152330952380952,0.356636111111111
6833022,0.123310317460318,0.556154761904762,0.320534920634921
6833044,0.73649126984127,0.0575555555555555,0.205953174603175
6833080,0.746450793650794,0.061531746031746,0.19201746031746
6833114,0.496184126984127,0.118170634920635,0.385645238095238
6833167,0.551300344782722,0.143613596148842,0.305086059068436
6833209,0.0943873015873017,0.654430158730159,0.25118253968254
6833249,0.688048412698413,0.0873158730158731,0.224635714285714
6833263,0.731307936507937,0.0678460317460318,0.200846031746032
6833287,0.51137380952381,0.212180158730159,0.276446031746032
6833304,0.513495634920635,0.134311111111111,0.352193253968254
6833337,0.688880158730159,0.0926611111111111,0.21845873015873
6833366,0.227768253968254,0.481289682539683,0.290942063492064
6833368,0.625430952380952,0.138730158730159,0.235838888888889
6833417,0.116572222222222,0.712880952380953,0.170546825396826
6833420,0.453295238095238,0.134206349206349,0.412498412698413
6833425,0.751000793650794,0.0589253968253968,0.19007380952381
6833431,0.191309523809524,0.470288888888889,0.338401587301587
6833448,0.261938095238095,0.435511111111111,0.302550793650794
6833454,0.717905555555556,0.0758007936507937,0.206293650793651
6833561,0.555621428571429,0.125439682539683,0.318938888888889
6833571,0.485680503512881,0.232612537947784,0.281706958539336
6833660,0.0838761904761905,0.687412698412699,0.228711111111111
6833662,0.594438095238096,0.108680952380952,0.296880952380953
6833709,0.163855555555556,0.542684126984127,0.293460317460318
6833710,0.291464285714286,0.447995238095239,0.260540476190476
6833758,0.420153968253968,0.184038888888889,0.395807142857143
6833780,0.177110761449389,0.64326028100334,0.179628957547272
6833816,0.442266666666667,0.222181746031746,0.335551587301588
6833852,0.174033333333333,0.587012698412699,0.238953968253968
6833867,0.427753174603175,0.241542857142857,0.330703968253969
6833991,0.652402380952381,0.0707912698412699,0.276806349206349
6834028,0.417495238095238,0.184905555555556,0.397599206349207
6834032,0.663061111111111,0.0927642857142858,0.244174603174603
6834088,0.168661904761905,0.509395238095238,0.321942857142857
6834127,0.115289682539683,0.644420634920635,0.240289682539683
6834185,0.198753984892612,0.619413882956941,0.181832132150447
6834215,0.599229761904762,0.0722809523809524,0.328489285714286
6834242,0.18946314240177,0.584719804812863,0.225817052785368
6834292,0.261102083333334,0.475934250992064,0.262963665674603
6834305,0.249746825396826,0.397390476190476,0.352862698412698
6834339,0.254371428571429,0.377592857142857,0.368035714285714
6834528,0.74029126984127,0.0651888888888889,0.194519841269841
6834535,0.71568253968254,0.06575,0.218567460317461
6834557,0.790946825396825,0.0688928571428572,0.140160317460318
6834559,0.628543650793651,0.085704761904762,0.285751587301587
6834675,0.223007142857143,0.494842063492064,0.282150793650794
6834693,0.648516666666667,0.0812261904761905,0.270257142857143
6834775,0.679057936507937,0.0994,0.221542063492064
6834783,0.6861,0.0890317460317461,0.224868253968254
6834801,0.723040476190476,0.08855,0.188409523809524
6834982,0.552432142857143,0.140024603174603,0.307543253968254
6835006,0.649926984126984,0.0635873015873016,0.286485714285715
6835041,0.518771825396826,0.189016666666667,0.292211507936508
6835052,0.215918697957325,0.521599963543022,0.262481338499653
6835148,0.562566217798595,0.188659363344609,0.248774418856796
6835155,0.213892507481135,0.505244407987467,0.280863084531399
6835244,0.221174253512881,0.546277741320799,0.23254800516632
6835317,0.162669047619048,0.495337301587302,0.341993650793651
6835368,0.773036507936509,0.0614952380952381,0.165468253968254
6835481,0.655068253968254,0.0760349206349207,0.268896825396826
6835584,0.119657142857143,0.624725396825397,0.25561746031746
6835664,0.126824603174603,0.58958253968254,0.283592857142857
6835697,0.171328571428572,0.56303253968254,0.265638888888889
6835698,0.589546031746032,0.105497619047619,0.304956349206349
6835728,0.6718,0.0799722222222222,0.248227777777778
6835747,0.557962698412698,0.169851587301587,0.272185714285715
6835755,0.203144444444445,0.494873015873016,0.30198253968254
6835783,0.639176984126984,0.135276984126984,0.225546031746032
6835865,0.149045238095238,0.569153174603175,0.281801587301588
6835900,0.146288888888889,0.571811904761905,0.281899206349206
6835953,0.574150793650794,0.138243650793651,0.287605555555556
6836026,0.596601587301587,0.145542063492064,0.257856349206349
6836034,0.664452380952381,0.114874603174603,0.220673015873016
6836113,0.669493650793651,0.132899206349206,0.197607142857143
6836267,0.145062348750976,0.710082503225562,0.144855148023463
6836321,0.442836059068436,0.282641903027149,0.274522037904415
6836350,0.122586158274785,0.742957900050959,0.134455941674256
6836466,0.14813060271923,0.694251550844609,0.157617846436161
6836482,0.219236507936508,0.361707936507937,0.419055555555556
6836578,0.153507586846214,0.709756312749371,0.136736100404415
6836643,0.431680503512881,0.260727617312863,0.307591879174256
6836722,0.592866666666667,0.147419841269841,0.259713492063492
6836763,0.618253968253968,0.120074603174603,0.261671428571429
6836785,0.579225396825397,0.125784126984127,0.294990476190476
6836958,0.569067460317461,0.198557142857143,0.232375396825397
6837009,0.540618253968254,0.113385714285714,0.345996031746032
6837028,0.0958404761904762,0.656489682539683,0.247669841269841
6837066,0.569680158730159,0.154335714285714,0.275984126984127
6837167,0.576093650793651,0.16824126984127,0.25566507936508
6837197,0.664087301587302,0.102807142857143,0.233105555555556
6837217,0.121247619047619,0.633226190476191,0.245526190476191
6837261,0.136204761904762,0.58399126984127,0.279803968253968
6837297,0.646304761904762,0.131357142857143,0.222338095238095
6837328,0.579553968253969,0.146784126984127,0.273661904761905
6837386,0.619496825396825,0.112415079365079,0.268088095238095
6837439,0.0673857142857143,0.765576984126985,0.167037301587302
6837479,0.576159523809524,0.201173015873016,0.22266746031746
6837482,0.155526984126984,0.501755555555556,0.34271746031746
6837517,0.698542063492064,0.0901706349206349,0.211287301587302
6837545,0.551290476190476,0.175803968253968,0.272905555555556
6837571,0.647062698412699,0.122944444444445,0.229992857142857
6837626,0.129863492063492,0.613703174603175,0.256433333333334
6837633,0.675330158730159,0.129923015873016,0.194746825396826
6837640,0.165346031746032,0.519096031746032,0.315557936507937
6837776,0.606137301587302,0.150409523809524,0.243453174603175
6837851,0.596915873015873,0.140268253968254,0.262815873015873
6837877,0.492384126984127,0.209216666666667,0.298399206349206
6837903,0.619715873015873,0.129077777777778,0.251206349206349
6838035,0.232875396825397,0.46241746031746,0.304707142857143
6838043,0.500419047619048,0.181074603174603,0.31850634920635
6838071,0.61104126984127,0.149534126984127,0.239424603174603
6838213,0.61964126984127,0.135886507936508,0.244472222222222
6838269,0.183076190476191,0.518996031746032,0.297927777777778
6838275,0.114330952380952,0.640505555555556,0.245163492063492
6838279,0.671458730158731,0.0936753968253969,0.234865873015873
6838301,0.178220634920635,0.533819047619048,0.287960317460318
6838394,0.554065873015873,0.1696,0.276334126984127
6838400,0.612264285714286,0.186261111111111,0.201474603174603
6838415,0.471374603174603,0.258690476190476,0.269934920634921
6838473,0.686320634920635,0.114915873015873,0.198763492063492
6838505,0.620030158730159,0.137831746031746,0.242138095238095
6838549,0.125693650793651,0.651165873015873,0.223140476190476
6838611,0.548592063492063,0.24015873015873,0.211249206349207
6838659,0.679130952380953,0.101310317460318,0.21955873015873
6838696,0.629648412698412,0.137315079365079,0.233036507936508
6838712,0.681594444444445,0.126790476190476,0.19161507936508
6838807,0.553957142857143,0.172730952380953,0.273311904761905
6838845,0.610426190476191,0.171737301587302,0.217836507936508
6838895,0.546900793650794,0.17144126984127,0.281657936507937
6838976,0.668678571428571,0.0960103174603175,0.235311111111111
6838981,0.600546031746032,0.130163492063492,0.269290476190476
6839023,0.561155555555556,0.11002619047619,0.328818253968254
6839030,0.178435714285714,0.535134920634921,0.286429365079365
6839063,0.576653968253969,0.134476984126984,0.288869047619048
6839126,0.655568253968254,0.0885761904761905,0.255855555555556
6839167,0.164316666666667,0.571284920634921,0.264398412698413
6839192,0.114378571428571,0.491690476190477,0.393930952380952
6839214,0.637813492063492,0.0912936507936509,0.270892857142857
6839316,0.690954761904762,0.0882420634920635,0.220803174603175
6839340,0.548111111111112,0.124796031746032,0.327092857142857
6839385,0.500953968253969,0.1295,0.369546031746032
6839441,0.719049999999999,0.0737095238095238,0.207240476190476
6839502,0.160787301587302,0.442935714285714,0.396276984126984
6839525,0.631748412698413,0.102989682539683,0.265261904761905
6839527,0.256860317460318,0.497677777777778,0.245461904761905
6839533,0.666071428571429,0.0885301587301588,0.245398412698413
6839639,0.682334920634921,0.0746222222222223,0.243042857142857
6839650,0.299334920634921,0.237467460317461,0.463197619047619
6839691,0.694883333333333,0.0766301587301587,0.228486507936508
6839752,0.658242063492063,0.110119841269841,0.231638095238095
6839796,0.709706349206349,0.10077380952381,0.189519841269841
6839803,0.111060317460318,0.609539682539683,0.2794
6839812,0.561579365079365,0.131001587301587,0.307419047619048
6839942,0.676918253968254,0.0733976190476191,0.249684126984127
6839962,0.179900793650794,0.551503174603175,0.268596031746032
6839991,0.664077777777778,0.0865150793650794,0.249407142857143
6839993,0.600430952380952,0.117659523809524,0.281909523809524
6840115,0.692677777777778,0.102213492063492,0.20510873015873
6840121,0.241311904761905,0.420029365079366,0.33865873015873
6840152,0.144976190476191,0.577570634920635,0.277453174603175
6840178,0.114119047619048,0.587969841269841,0.297911111111111
6840184,0.731519047619048,0.0744849206349207,0.193996031746032
6840199,0.125419047619048,0.7335,0.141080952380952
6840344,0.763796031746032,0.0511809523809524,0.185023015873016
6840363,0.474365079365079,0.192315873015873,0.333319047619048
6840397,0.587838888888889,0.105624603174603,0.306536507936508
6840429,0.286473015873016,0.349476190476191,0.364050793650794
6840433,0.727003174603175,0.0609809523809524,0.212015873015873
6840467,0.678836507936508,0.0682904761904762,0.252873015873016
